-1	5	-5
2	-1	-2
4	-1	-4
5	-1	-5
4	-1	-4
-1	3	-3
3	-1	-3
4	-1	-4
-1	3	-3
2	-1	-2
-1	5	-5
-1	7	-7
-1	2	-2
8	-1	-8
20	-1	-20
27	-1	-27
18	-1	-18
12	-1	-12
3	-1	-3
23	-1	-23
5	-1	-5
22	-1	-22
11	-1	-11
5	-1	-5
19	-1	-19
14	-1	-14
6	-1	-6
17	-1	-17
7	-1	-7
16	-1	-16
25	-1	-25
15	-1	-15
26	-1	-26
28	-1	-28
-1	3	-3
4	-1	-4
9	-1	-9
10	-1	-10
7	-1	-7
8	-1	-8
2	-1	-2
3	-1	-3
2	-1	-2
7	-1	-7
-1	2	-2
2	-1	-2
16	-1	-16
-1	2	-2
5	-1	-5
9	-1	-9
-1	4	-4
-1	2	-2
10	-1	-10
2	-1	-2
6	-1	-6
-1	4	-4
25	-1	-25
9	-1	-9
-1	3	-3
4	-1	-4
22	-1	-22
11	-1	-11
8	-1	-8
15	-1	-15
-1	1	-1
-1	5	-5
6	-1	-6
-1	4	-4
-1	5	-5
6	-1	-6
-1	6	-6
3	-1	-3
-1	3	-3
-1	1	-1
7	-1	-7
-1	1	-1
-1	2	-2
-1	9	-9
-1	10	-10
6	-1	-6
13	-1	-13
-1	6	-6
-1	8	-8
4	-1	-4
4	-1	-4
4	-1	-4
4	-1	-4
2	-1	-2
-1	3	-3
-1	1	-1
-1	3	-3
2	-1	-2
-1	5	-5
-1	4	-4
-1	3	-3
-1	2	-2
-1	6	-6
9	-1	-9
-1	2	-2
-1	4	-4
-1	5	-5
-1	2	-2
9	-1	-9
-1	5	-5
62	-1	-62
-1	7	-7
-1	10	-10
3	-1	-3
-1	8	-8
7	-1	-7
-1	1	-1
7	-1	-7
-1	6	-6
-1	14	-14
12	-1	-12
-1	7	-7
-1	3	-3
-1	82	-82
-1	3	-3
69	-1	-69
5	-1	-5
-1	13	-13
-1	18	-18
-1	4	-4
16	-1	-16
4	-1	-4
-1	12	-12
-1	17	-17
2	-1	-2
-1	2	-2
-1	8	-8
4	-1	-4
-1	28	-28
11	-1	-11
8	-1	-8
-1	52	-52
7	-1	-7
-1	9	-9
-1	2	-2
-1	3	-3
-1	2	-2
9	-1	-9
12	-1	-12
-1	2	-2
8	-1	-8
3	-1	-3
16	-1	-16
4	-1	-4
3	-1	-3
-1	18	-18
15	-1	-15
15	-1	-15
5	-1	-5
22	-1	-22
-1	3	-3
-1	4	-4
-1	1	-1
-1	5	-5
2	-1	-2
7	-1	-7
7	-1	-7
-1	33	-33
-1	13	-13
3	-1	-3
6	-1	-6
-1	29	-29
4	-1	-4
7	-1	-7
-1	8	-8
-1	44	-44
4	-1	-4
8	-1	-8
-1	4	-4
-1	6	-6
5	-1	-5
5	-1	-5
3	-1	-3
-1	7	-7
-1	3	-3
-1	2	-2
4	-1	-4
-1	4	-4
5	-1	-5
6	-1	-6
-1	3	-3
2	-1	-2
2	-1	-2
6	-1	-6
8	-1	-8
2	-1	-2
10	-1	-10
-1	14	-14
-1	15	-15
-1	12	-12
-1	2	-2
-1	4	-4
3	-1	-3
33	-1	-33
28	-1	-28
-1	1	-1
2	-1	-2
15	-1	-15
8	-1	-8
14	-1	-14
30	-1	-30
2	-1	-2
4	-1	-4
21	-1	-21
-1	3	-3
10	-1	-10
2	-1	-2
31	-1	-31
41	-1	-41
23	-1	-23
12	-1	-12
40	-1	-40
35	-1	-35
16	-1	-16
3	-1	-3
1	-1	-1
4	-1	-4
29	-1	-29
-1	3	-3
8	-1	-8
11	-1	-11
9	-1	-9
3	-1	-3
12	-1	-12
18	-1	-18
2	-1	-2
7	-1	-7
11	-1	-11
26	-1	-26
6	-1	-6
7	-1	-7
32	-1	-32
6	-1	-6
2	-1	-2
13	-1	-13
20	-1	-20
34	-1	-34
3	-1	-3
2	-1	-2
-1	2	-2
3	-1	-3
24	-1	-24
3	-1	-3
38	-1	-38
-1	3	-3
9	-1	-9
4	-1	-4
18	-1	-18
-1	4	-4
3	-1	-3
3	-1	-3
-1	1	-1
-1	2	-2
8	-1	-8
4	-1	-4
-1	5	-5
13	-1	-13
-1	6	-6
3	-1	-3
-1	28	-28
4	-1	-4
3	-1	-3
-1	2	-2
3	-1	-3
-1	1	-1
-1	3	-3
3	-1	-3
4	-1	-4
-1	1	-1
-1	2	-2
3	-1	-3
3	-1	-3
-1	2	-2
2	-1	-2
-1	1	-1
2	-1	-2
2	-1	-2
3	-1	-3
3	-1	-3
-1	1	-1
3	-1	-3
3	-1	-3
-1	3	-3
-1	4	-4
2	-1	-2
4	-1	-4
3	-1	-3
4	-1	-4
2	-1	-2
2	-1	-2
-1	2	-2
3	-1	-3
-1	3	-3
-1	2	-2
5	-1	-5
-1	2	-2
-1	1	-1
-1	1	-1
2	-1	-2
-1	2	-2
-1	2	-2
-1	2	-2
-1	2	-2
-1	1	-1
2	-1	-2
4	-1	-4
2	-1	-2
3	-1	-3
4	-1	-4
-1	2	-2
5	-1	-5
5	-1	-5
-1	2	-2
2	-1	-2
3	-1	-3
2	-1	-2
